.Random.seed <-
c(403L, 10L, 950294831L, -1349231562L, -198903712L, 1168527011L, 
-1097987647L, 1619252656L, 1847254222L, -1947837895L, 2065996875L, 
1325514234L, 519289084L, 350666047L, 621777429L, -1044645588L, 
-1834419710L, -1484195619L, 886741975L, 328550078L, 133341432L, 
-255230245L, 1435100473L, -1050619768L, 229689398L, -1577096079L, 
815732387L, -552264718L, -1223786684L, 1396142087L, 1279897053L, 
2124323540L, 1706698234L, 1272498501L, -961491553L, -1484853466L, 
-1214103632L, 2119064659L, -797501583L, 32747168L, -2011614658L, 
-446555831L, -1866430469L, -308982838L, 650831148L, 1063541039L, 
1328547813L, 689329820L, 779748082L, 662152045L, 377437351L, 
617158350L, -242766808L, 1332269099L, -1462484407L, -518640808L, 
-303651322L, -643141663L, -1794204301L, -183028254L, -1332709036L, 
-376870825L, -1558539187L, 787982308L, -58313270L, 1432951861L, 
6322831L, 53113750L, -625213632L, -1380625917L, 563390497L, -637140208L, 
1722654958L, 1822703769L, 1643046187L, 2107563034L, 700493532L, 
-183253281L, 1980543157L, -1872284084L, 1330191010L, -1289059843L, 
-806909193L, 1172921374L, -1612507432L, 140462651L, -1362204711L, 
-2002899608L, -781804394L, -1122985455L, -1688415293L, 1389424594L, 
1818618468L, 1248536999L, 1803929341L, 124895988L, -912259622L, 
-1569384155L, 478232639L, 1548681158L, -1651563440L, 2055948403L, 
1924680849L, 702901440L, 646405790L, 411890281L, -1371147621L, 
-170803286L, -225260596L, -1499806065L, -542484795L, 616783484L, 
2064528082L, -1942473139L, -1312253177L, 334225134L, -1735255096L, 
831335627L, 1798280489L, 1213298040L, -1003705690L, 465063105L, 
-1613648557L, -902370814L, 1039528756L, 199057591L, -1298954067L, 
-347867708L, 221267434L, -1917085099L, 1589060591L, 1315849206L, 
-932678368L, 526752483L, 1189247873L, 1891655152L, -1708096370L, 
1291340793L, -1206015605L, -1117055558L, -1932018500L, -1719021569L, 
-137450155L, 229920364L, 1497762498L, -2043769571L, -1792572521L, 
-1779132674L, 1370440888L, -66881893L, 1947374841L, 783492680L, 
1395966326L, 726444209L, -1400378141L, 1674582962L, 2033878020L, 
-111737017L, 1207770653L, -1635994476L, -1545366470L, 712208005L, 
-1450471585L, -1762996250L, 1251811952L, -159791725L, 1348964913L, 
1804275936L, 1938295166L, 230910985L, -1274856389L, 1374355978L, 
1975798252L, -261353873L, -933535323L, 1298725212L, 1785521458L, 
-149251027L, -1634389273L, -289015794L, 1863756264L, 306637803L, 
362681481L, 1710510104L, -1970876602L, 1664716193L, -1080179661L, 
2115422626L, -1178096492L, -1811133673L, 1166279949L, -879889372L, 
-440622070L, 1753332085L, 1710219471L, 1361351638L, 544721792L, 
1253572547L, -1294370463L, 589483984L, 1308329774L, -192079143L, 
261880043L, -1052882598L, -1534815460L, -385694177L, -1273782667L, 
-1864631540L, 681490146L, 389356477L, -1570309065L, -1611305250L, 
-1728509416L, 1540773243L, -362197735L, -1547611736L, -250698410L, 
-771222063L, -369398397L, 278311954L, -2115092572L, -1823434905L, 
-2132294467L, -938625996L, -368642150L, 1151984613L, -945922177L, 
-1009729786L, 1006827664L, 978747330L, 2018301984L, -803800900L, 
-631299504L, -1970922526L, -603051928L, 1941261388L, 310491388L, 
692980722L, -691934976L, 1718198644L, -841722872L, 440197050L, 
470110672L, -813278228L, 1627294100L, 674673106L, -1680273056L, 
2098933580L, 818542880L, 940337026L, 639651560L, 1968988396L, 
2047317052L, 640883570L, 878052976L, -1127519196L, -2011978952L, 
775376026L, -708564272L, 321614012L, -97800556L, -1273643390L, 
369424576L, -366646468L, -26002288L, -1414361566L, -408100856L, 
-1480366836L, 1126036636L, -1348923886L, 1677770624L, 1774970388L, 
-228752856L, 383114554L, -200117808L, 388062316L, -823535308L, 
233881234L, -528657568L, -272669876L, -1291171872L, -1446668382L, 
1628350376L, -858210932L, 1628360892L, -702934670L, 1653517552L, 
-2084892604L, 1739139416L, -1292161478L, -1253160080L, -92010436L, 
-427378924L, 857451970L, -2126146848L, -1741652100L, 1808359120L, 
2072449186L, 1503843368L, 1670436108L, -222744644L, 154169650L, 
-1085492800L, 1631676980L, 1204356040L, 1262530746L, 948193680L, 
219310572L, 289831508L, -1115916142L, -126560480L, -997199412L, 
-195889696L, -1692752190L, 2078186536L, -1808041300L, 1392796860L, 
-1153043982L, -1764392656L, 985955492L, -105976136L, 115076442L, 
-700572272L, -130253956L, 270037268L, 419435330L, -2012448000L, 
-2136627268L, -467048624L, 1594237730L, -869051064L, 1912844812L, 
-628975524L, -155171630L, 1329897984L, -971336364L, 587923944L, 
-1239684102L, -622571312L, 928312620L, 1997783796L, -1797922414L, 
-125119392L, -270283508L, -1403948320L, 1991627106L, -552420696L, 
-2099994036L, -1219626628L, -2053866190L, 1994625136L, 1566994244L, 
-1556077096L, -1160528774L, 549158448L, 1438405308L, 1208428372L, 
1886831682L, -422462048L, -449303876L, -71413296L, 1030997346L, 
-1333620760L, -1335083060L, -1997097220L, -1513661966L, 1398935680L, 
-1806209804L, 2055409288L, -223494342L, -1106732208L, 415477356L, 
959023252L, -1459119790L, 1831491296L, 2090654412L, 182321312L, 
1144834946L, -120773912L, 1317815020L, -1655821252L, -2002683278L, 
-2050734992L, 1213726244L, 1034017848L, 472827930L, 670284496L, 
-870409156L, -59349868L, -1832772478L, 1168695232L, 1651781948L, 
1150958224L, 2118005794L, -1547152376L, 1526261900L, -1743002596L, 
-93749614L, -1144961920L, 437473300L, 1022221608L, -722428358L, 
-449475376L, 1214981228L, 1215804084L, -667230190L, 750393312L, 
42506188L, -2075275808L, 1589839394L, -623296216L, -573728500L, 
-1429281220L, -1982156558L, -1409731856L, -430144700L, 763765336L, 
48302650L, 242007792L, -1498942276L, -2128095724L, 416004290L, 
-1366554528L, 1536644476L, -1437510448L, -1539613662L, -1911209304L, 
127330188L, 1705324988L, 1243894834L, 1529583424L, -1888245580L, 
245381960L, -1781851462L, 339515152L, 747864300L, -1369615276L, 
-1145151726L, 1393908640L, -2023440436L, -1954235552L, -1734668094L, 
41788968L, -1504565844L, 1670995772L, -1496381582L, -2000233680L, 
-161054172L, 768022584L, -1864882982L, 1895295376L, -652998916L, 
-1871564908L, -876582078L, 1049354752L, 874641980L, -293007199L, 
1404822611L, 916354932L, -1046407934L, 423484823L, -110557343L, 
-894377050L, 1724681636L, -1297640363L, -67811073L, -1103118952L, 
-1642703178L, -334907581L, 1285806725L, 1128992546L, 14715920L, 
-1293410375L, -882683797L, -1083360420L, 1733425802L, -1047509377L, 
1431910345L, -1327924130L, 1101379340L, -1594607907L, 367415271L, 
314393616L, -1088665298L, -410489381L, -758709571L, -450746326L, 
-541617976L, 649696753L, 1549800291L, 1833378660L, -1128506734L, 
486471527L, -213898959L, 1875235446L, 626586516L, 456898469L, 
1494018223L, -356686488L, -1592810170L, -2082126605L, -1204290987L, 
-1551722958L, -857541632L, -175449879L, -721555621L, 643262892L, 
-1801217606L, 828802927L, 212613369L, 963755406L, 1163767900L, 
2090685133L, 1871504951L, 165371072L, 999756702L, 711229547L, 
-1538162707L, 1674224218L, -994122472L, -12365183L, -172842957L, 
727950932L, 1380299362L, -2011220745L, 410955585L, -1851503162L, 
-1477206268L, -1732765003L, -1964567137L, -295458312L, 488679382L, 
-591138205L, 199617061L, -1439723070L, 521623216L, 1733840601L, 
-328918965L, 347195068L, -647174934L, 814297375L, 904217001L, 
1082337086L, 1930170924L, 1762721917L, -548117817L, -96281680L, 
-1134096946L, -1719828741L, -2105522851L, 2122862218L, 301681832L, 
-1965139951L, -596219645L, 1929413636L, -1261720526L, -1822669689L, 
-739176239L, -88571306L, -800544204L, 891900229L, 773467023L, 
271404808L, 2076145958L, 73820627L, -1451064523L, -1683811694L, 
1959773792L, 170033097L, -1280069893L, 339177676L, -2007897766L, 
-677231537L, -1262253799L, 1913353006L, -1537172164L, 1361857197L, 
43550039L, -542690144L, -811679234L, 132361419L, 559409869L, 
-273299974L, 1989027384L, -481629215L, -781699949L, 680390324L, 
-1799138366L, -969087017L, -1733777375L, 485793766L, -824624412L, 
377982485L, 588453439L, 63358424L, 1784523766L, 1569383427L, 
-1052145851L, -798059678L, 1857961168L, 2095704057L, 1995041579L, 
