.Random.seed <-
c(403L, 11L, 519463564L, -14768286L, 861624125L, -1827049545L, 
-2011939746L, -1555975784L, -363162373L, -595304295L, 943116584L, 
1424353238L, 648447057L, 477081347L, 1703995026L, 2027267108L, 
178498279L, -1593196739L, 76300212L, 815604762L, -386941083L, 
-1776279041L, 1312713862L, -870387696L, 1010512563L, 1704472913L, 
-1427402496L, -1204317218L, 419053609L, 324540379L, 531055850L, 
-163732852L, 194592207L, -1648856699L, 548063804L, -1844236526L, 
-1760160755L, -698704057L, -1556374226L, -1991041912L, 52054411L, 
-1015688855L, 1219107640L, -1488796186L, -506093183L, -1903741677L, 
1058976450L, 121904500L, -515957385L, 1510712941L, -2079184636L, 
1524153386L, -357363307L, -1509013969L, 255550262L, -813458592L, 
-1712709213L, -1095851327L, -109790544L, -2115406386L, -1606276807L, 
-703904437L, -1017278726L, 1077739516L, -586055617L, -1346815723L, 
508379692L, 1951026946L, 1223990237L, 684857047L, -35561026L, 
-994098184L, 1465726939L, 1546095161L, -1740862584L, -1983988938L, 
1761225073L, 1494713251L, 1313968882L, -1295846844L, 861035783L, 
-1699928867L, -2051337772L, 714880250L, 245312581L, -45794145L, 
2030263846L, -209462608L, -1944107181L, 318079601L, -1487941728L, 
-437131458L, 1041870409L, -845624581L, 1828846282L, 274115628L, 
1461826607L, 44899557L, -1427827300L, 1447843826L, -875330963L, 
1744111527L, -739935794L, 195055400L, -1960082133L, 1994581833L, 
-1446171560L, 1699748102L, -1357830943L, -353336205L, -2008035102L, 
1813608532L, 459251031L, -958878387L, 1190490340L, -1756582710L, 
2003042613L, 423135119L, -179350378L, -639919040L, -2009019133L, 
-197410527L, -580023792L, 1158042094L, 757532057L, 160326187L, 
-1299508454L, 460909020L, 539779039L, -1338169419L, 1208500556L, 
1889224610L, -1427902723L, 1530609655L, -31438562L, -1629162536L, 
-783805125L, 259945177L, -623612312L, -1040617578L, -1241736431L, 
898577603L, 1269939410L, -1368102556L, 2051771559L, 1223062013L, 
-1570071564L, 746525914L, -1464535515L, -112530625L, 1693124806L, 
876004688L, 2108910963L, 1864808337L, -227784256L, -746452066L, 
-347015831L, 1223830939L, 1807462570L, -1978839348L, 2135568271L, 
-722486331L, -1317314692L, -789667886L, -22057139L, 1286262279L, 
-1216328210L, 697628872L, -932939829L, -458374615L, 1281179768L, 
-2138825306L, 771409857L, 207141971L, 1952338690L, -825133516L, 
236499895L, -1271958611L, 942880964L, -1510703894L, -1923370155L, 
246113519L, 213494518L, 1624233504L, 1249774563L, 1693728897L, 
-888422672L, -205771378L, 438731513L, 2033582219L, 510412986L, 
1360100284L, -640204545L, -1956109227L, -14422164L, -1903280190L, 
-356952035L, -359847785L, 2014279166L, 369812920L, 1164355995L, 
-735432711L, 903100232L, -908275082L, -1166775375L, -2086038045L, 
-38868302L, -2009905404L, 352902215L, -1018709219L, 138502548L, 
1673889082L, 2134251909L, -345064865L, 1607507174L, -721072272L, 
836292755L, 403873073L, -861852704L, 1331157118L, 406020873L, 
2019059003L, 1341487370L, -627652372L, 1939338607L, -805152091L, 
1724576860L, -1570991054L, 476869421L, -1275823600L, -532083476L, 
-768904876L, -34137326L, 882394528L, -1309871412L, 1999374944L, 
-215128126L, -1507073240L, 307970476L, -2076723908L, 458933106L, 
-735918800L, 314007332L, -525671112L, -1870330150L, -796125296L, 
1212146428L, 1421867924L, -152026046L, -687878912L, -1188888516L, 
-758903472L, 391672994L, 513506120L, -1733939444L, -101830948L, 
1472759634L, -1995684224L, -18649004L, -1351990296L, -1498961158L, 
-1417327280L, -319023316L, 1303874420L, -472415342L, 326683232L, 
-1655746676L, -939829408L, -1017611294L, -244905048L, -2131350324L, 
469944828L, -1285288014L, -1249436176L, 1854356932L, 44937560L, 
1205486970L, 1906875824L, 1139459004L, 238774356L, -176660542L, 
-119334880L, -1395232580L, 340171344L, -1716250654L, 12901992L, 
-1423647156L, 1520658684L, -1029328910L, 1189307648L, 468818804L, 
302340104L, -515544646L, -409891376L, 663245804L, -1691653228L, 
904842194L, 957542240L, -957908660L, -670850784L, 1966567298L, 
1658408680L, -1067501332L, -791658948L, 734176114L, -8403344L, 
-1210455004L, -1074208968L, -1728741222L, 1495893712L, 1389339836L, 
-1106015596L, -1263019390L, -1824173888L, -1603050180L, 605587600L, 
1124875810L, 1905818120L, -341568244L, -1388289380L, -1357933038L, 
-874548864L, 729768468L, -1073480152L, 1085096250L, 1325652944L, 
1940917868L, 132512564L, 452768402L, 1589839200L, 502052172L, 
1822204896L, 654073762L, 1076666280L, 664825740L, 1896118972L, 
-1939367054L, 1674608880L, 919571524L, -557748904L, -1061924806L, 
-1268726928L, -25340868L, -772642028L, 1198149058L, 1788415200L, 
-1558055044L, 1283299024L, -132998494L, 1982059560L, 1322303756L, 
-987706436L, 408651058L, 664598464L, 991487540L, -1534628920L, 
-29023046L, -1605253232L, 592620012L, 1005622356L, 1791269522L, 
1303014176L, -1610456628L, 1851874272L, 240998082L, 365467176L, 
-9130324L, 1736017596L, 1782186482L, -1615259344L, -1860777820L, 
-2035189064L, 2143067994L, 1542765968L, 948350332L, 1169248532L, 
-1981076158L, -755043584L, 1986538428L, -2086104240L, 995304738L, 
103311688L, -361133044L, 1233632348L, 1124377810L, -1877040128L, 
-254711980L, -1673487896L, -1069483014L, 514542288L, -1044888276L, 
1091411188L, 1400923026L, 1662676064L, 142997772L, 135633632L, 
-918035102L, -1700874584L, -1092518324L, -1243638916L, 652468018L, 
-231906704L, -201633468L, -786282536L, -1136589702L, -178689488L, 
-1625116996L, 223989588L, 1749073474L, -1441464416L, 717593788L, 
-908783152L, 727589218L, 1179183080L, -154338356L, -1353654532L, 
968049650L, -168176512L, 1629184244L, 1444769928L, -1852165830L, 
1380684624L, -431939476L, 563600532L, -954473134L, -688061728L, 
1102228684L, -5264224L, -99226238L, -1531609880L, -738226964L, 
1002850364L, -1717814158L, 75529328L, -1666530780L, -1009625544L, 
-776723942L, -1248578352L, 1278264892L, -118665068L, -967590782L, 
-1664312384L, -219336388L, -1456300400L, 1350652962L, 1024024584L, 
1068868748L, -476871652L, 492204178L, -1342954368L, -1044173804L, 
-805325016L, -577841094L, -2130188080L, -1744689044L, -860922188L, 
-1079738395L, 186026498L, -505210768L, 688434713L, 1266135051L, 
1890069244L, 1214233386L, 1254780255L, -526654231L, -1739590658L, 
-131395604L, -786670787L, -1038838009L, -1772335376L, -1087639922L, 
1512646843L, -450012003L, -13463478L, 861565544L, 1261813329L, 
-117308093L, 965506116L, -969378062L, -766968121L, 1804043409L, 
10582550L, -138041228L, -610702587L, -1211711153L, 1057522504L, 
-748948762L, 1434018835L, -1679352971L, 1723300690L, 1905978272L, 
1707769481L, 1438517947L, 25784588L, -1241969510L, 484020751L, 
-1076791719L, 1401391854L, 2082275708L, 1968091629L, -1039810921L, 
-1897948832L, 1208720702L, -1117106677L, 160184973L, -1544063046L, 
97912312L, 623796641L, -1537783981L, 828540532L, 875317250L, 
875967127L, 855301217L, 300382374L, 357853348L, 260743509L, 1612399103L, 
-244533096L, 678864310L, 147787331L, -1287113851L, -2116265950L, 
-151495920L, -251726151L, 1971506027L, 1520673372L, -747044982L, 
-126046337L, 873218761L, 1057942366L, -1277259764L, -855375907L, 
-44348697L, 1882088208L, -144147922L, 1488019675L, 1811586493L, 
-1927714006L, -167795768L, 506306801L, -1731797405L, 205630052L, 
1942030738L, -1077942681L, 308635185L, 989584246L, -1285279596L, 
995049125L, -1346491473L, -1613805464L, -1756210106L, -1381410317L, 
1975641429L, -2088407246L, 2084578048L, -2079799319L, 1608194651L, 
-1111096148L, 1461066426L, -852684689L, 1237003769L, -361744242L, 
743510364L, 1789848013L, 79203639L, -888528960L, -659744610L, 
1160232299L, -1646762771L, 1468781914L, -2076191208L, -83426431L, 
1974360371L, 509032276L, 1502155106L, 1719441911L, 1640340033L, 
-1274450234L, -1455443964L, -1419419723L, 1557057695L, -1237840648L, 
-294521642L, 199386467L, -1988751067L, -1411840318L, 1969341360L, 
-797843495L, 931191115L, 1218551740L, 1774008298L, -27467745L, 
37938857L, 879737406L, 2048493356L, -726195843L, -517980217L, 
109823664L, -2116754226L, -715796997L, 2098591325L, -23199350L, 
